{
 "cells": [
  {
   "cell_type": "code",
   "execution_count": 1,
   "metadata": {},
   "outputs": [],
   "source": [
    "import pandas as pd\n",
    "import numpy as np\n",
    "import seaborn as sns\n",
    "import matplotlib.pyplot as plt\n",
    "from sklearn import neighbors\n",
    "from sklearn.model_selection import cross_val_score\n",
    "from sklearn.neighbors import KNeighborsRegressor\n",
    "from sklearn.metrics import mean_squared_error\n",
    "import operator\n",
    "\n",
    "train = pd.read_csv('NBA_Train.csv')\n",
    "test = pd.read_csv('NBA_Test.csv')"
   ]
  },
  {
   "cell_type": "code",
   "execution_count": 2,
   "metadata": {},
   "outputs": [
    {
     "data": {
      "text/html": [
       "<div>\n",
       "<style scoped>\n",
       "    .dataframe tbody tr th:only-of-type {\n",
       "        vertical-align: middle;\n",
       "    }\n",
       "\n",
       "    .dataframe tbody tr th {\n",
       "        vertical-align: top;\n",
       "    }\n",
       "\n",
       "    .dataframe thead th {\n",
       "        text-align: right;\n",
       "    }\n",
       "</style>\n",
       "<table border=\"1\" class=\"dataframe\">\n",
       "  <thead>\n",
       "    <tr style=\"text-align: right;\">\n",
       "      <th></th>\n",
       "      <th>Train_ID</th>\n",
       "      <th>SALARY</th>\n",
       "      <th>Age</th>\n",
       "      <th>Games</th>\n",
       "      <th>Minutes</th>\n",
       "      <th>PER</th>\n",
       "      <th>TS</th>\n",
       "      <th>ORB</th>\n",
       "      <th>DRB</th>\n",
       "      <th>TRB</th>\n",
       "      <th>AST</th>\n",
       "      <th>STL</th>\n",
       "      <th>BLK</th>\n",
       "      <th>TOV</th>\n",
       "      <th>USG</th>\n",
       "      <th>ORtg</th>\n",
       "      <th>DRtg</th>\n",
       "      <th>OWS</th>\n",
       "      <th>DWS</th>\n",
       "      <th>WS</th>\n",
       "    </tr>\n",
       "  </thead>\n",
       "  <tbody>\n",
       "    <tr>\n",
       "      <th>Train_ID</th>\n",
       "      <td>1.000000</td>\n",
       "      <td>-0.077319</td>\n",
       "      <td>0.035220</td>\n",
       "      <td>0.103109</td>\n",
       "      <td>0.028568</td>\n",
       "      <td>0.009902</td>\n",
       "      <td>0.083590</td>\n",
       "      <td>0.014217</td>\n",
       "      <td>0.034160</td>\n",
       "      <td>0.022941</td>\n",
       "      <td>-0.077656</td>\n",
       "      <td>0.121065</td>\n",
       "      <td>0.091162</td>\n",
       "      <td>-0.062032</td>\n",
       "      <td>-0.066823</td>\n",
       "      <td>0.094573</td>\n",
       "      <td>-0.096473</td>\n",
       "      <td>-0.038134</td>\n",
       "      <td>0.051057</td>\n",
       "      <td>-0.008975</td>\n",
       "    </tr>\n",
       "    <tr>\n",
       "      <th>SALARY</th>\n",
       "      <td>-0.077319</td>\n",
       "      <td>1.000000</td>\n",
       "      <td>0.053676</td>\n",
       "      <td>0.205137</td>\n",
       "      <td>0.621254</td>\n",
       "      <td>0.670230</td>\n",
       "      <td>0.210184</td>\n",
       "      <td>-0.044877</td>\n",
       "      <td>0.173453</td>\n",
       "      <td>0.097399</td>\n",
       "      <td>0.310137</td>\n",
       "      <td>0.171666</td>\n",
       "      <td>-0.040450</td>\n",
       "      <td>-0.125629</td>\n",
       "      <td>0.619584</td>\n",
       "      <td>0.251895</td>\n",
       "      <td>-0.265725</td>\n",
       "      <td>0.598172</td>\n",
       "      <td>0.626173</td>\n",
       "      <td>0.677791</td>\n",
       "    </tr>\n",
       "    <tr>\n",
       "      <th>Age</th>\n",
       "      <td>0.035220</td>\n",
       "      <td>0.053676</td>\n",
       "      <td>1.000000</td>\n",
       "      <td>-0.130769</td>\n",
       "      <td>-0.011434</td>\n",
       "      <td>0.103061</td>\n",
       "      <td>0.230423</td>\n",
       "      <td>-0.079392</td>\n",
       "      <td>0.051784</td>\n",
       "      <td>0.005450</td>\n",
       "      <td>0.085238</td>\n",
       "      <td>-0.007326</td>\n",
       "      <td>-0.034628</td>\n",
       "      <td>0.069458</td>\n",
       "      <td>0.032315</td>\n",
       "      <td>0.167721</td>\n",
       "      <td>-0.117421</td>\n",
       "      <td>0.044857</td>\n",
       "      <td>0.077324</td>\n",
       "      <td>0.060614</td>\n",
       "    </tr>\n",
       "    <tr>\n",
       "      <th>Games</th>\n",
       "      <td>0.103109</td>\n",
       "      <td>0.205137</td>\n",
       "      <td>-0.130769</td>\n",
       "      <td>1.000000</td>\n",
       "      <td>0.698624</td>\n",
       "      <td>0.218672</td>\n",
       "      <td>0.222303</td>\n",
       "      <td>-0.038261</td>\n",
       "      <td>-0.069277</td>\n",
       "      <td>-0.060513</td>\n",
       "      <td>0.053769</td>\n",
       "      <td>-0.010948</td>\n",
       "      <td>-0.096862</td>\n",
       "      <td>-0.170734</td>\n",
       "      <td>0.137996</td>\n",
       "      <td>0.283067</td>\n",
       "      <td>-0.108988</td>\n",
       "      <td>0.387794</td>\n",
       "      <td>0.488990</td>\n",
       "      <td>0.470376</td>\n",
       "    </tr>\n",
       "    <tr>\n",
       "      <th>Minutes</th>\n",
       "      <td>0.028568</td>\n",
       "      <td>0.621254</td>\n",
       "      <td>-0.011434</td>\n",
       "      <td>0.698624</td>\n",
       "      <td>1.000000</td>\n",
       "      <td>0.542884</td>\n",
       "      <td>0.237121</td>\n",
       "      <td>-0.282746</td>\n",
       "      <td>-0.132087</td>\n",
       "      <td>-0.204198</td>\n",
       "      <td>0.401013</td>\n",
       "      <td>0.195099</td>\n",
       "      <td>-0.234893</td>\n",
       "      <td>-0.220080</td>\n",
       "      <td>0.495164</td>\n",
       "      <td>0.344656</td>\n",
       "      <td>-0.022222</td>\n",
       "      <td>0.661218</td>\n",
       "      <td>0.667567</td>\n",
       "      <td>0.742716</td>\n",
       "    </tr>\n",
       "    <tr>\n",
       "      <th>PER</th>\n",
       "      <td>0.009902</td>\n",
       "      <td>0.670230</td>\n",
       "      <td>0.103061</td>\n",
       "      <td>0.218672</td>\n",
       "      <td>0.542884</td>\n",
       "      <td>1.000000</td>\n",
       "      <td>0.496454</td>\n",
       "      <td>0.120051</td>\n",
       "      <td>0.333870</td>\n",
       "      <td>0.270223</td>\n",
       "      <td>0.372109</td>\n",
       "      <td>0.148331</td>\n",
       "      <td>0.097884</td>\n",
       "      <td>-0.199870</td>\n",
       "      <td>0.746413</td>\n",
       "      <td>0.592335</td>\n",
       "      <td>-0.301439</td>\n",
       "      <td>0.827359</td>\n",
       "      <td>0.591449</td>\n",
       "      <td>0.844352</td>\n",
       "    </tr>\n",
       "    <tr>\n",
       "      <th>TS</th>\n",
       "      <td>0.083590</td>\n",
       "      <td>0.210184</td>\n",
       "      <td>0.230423</td>\n",
       "      <td>0.222303</td>\n",
       "      <td>0.237121</td>\n",
       "      <td>0.496454</td>\n",
       "      <td>1.000000</td>\n",
       "      <td>0.046193</td>\n",
       "      <td>0.001943</td>\n",
       "      <td>0.026319</td>\n",
       "      <td>-0.023851</td>\n",
       "      <td>0.037649</td>\n",
       "      <td>0.138450</td>\n",
       "      <td>-0.033859</td>\n",
       "      <td>0.032106</td>\n",
       "      <td>0.859295</td>\n",
       "      <td>-0.098838</td>\n",
       "      <td>0.607907</td>\n",
       "      <td>0.216021</td>\n",
       "      <td>0.544868</td>\n",
       "    </tr>\n",
       "    <tr>\n",
       "      <th>ORB</th>\n",
       "      <td>0.014217</td>\n",
       "      <td>-0.044877</td>\n",
       "      <td>-0.079392</td>\n",
       "      <td>-0.038261</td>\n",
       "      <td>-0.282746</td>\n",
       "      <td>0.120051</td>\n",
       "      <td>0.046193</td>\n",
       "      <td>1.000000</td>\n",
       "      <td>0.752383</td>\n",
       "      <td>0.902298</td>\n",
       "      <td>-0.500145</td>\n",
       "      <td>-0.346304</td>\n",
       "      <td>0.637900</td>\n",
       "      <td>0.117903</td>\n",
       "      <td>-0.170674</td>\n",
       "      <td>0.087906</td>\n",
       "      <td>-0.482068</td>\n",
       "      <td>-0.085542</td>\n",
       "      <td>0.115089</td>\n",
       "      <td>-0.028135</td>\n",
       "    </tr>\n",
       "    <tr>\n",
       "      <th>DRB</th>\n",
       "      <td>0.034160</td>\n",
       "      <td>0.173453</td>\n",
       "      <td>0.051784</td>\n",
       "      <td>-0.069277</td>\n",
       "      <td>-0.132087</td>\n",
       "      <td>0.333870</td>\n",
       "      <td>0.001943</td>\n",
       "      <td>0.752383</td>\n",
       "      <td>1.000000</td>\n",
       "      <td>0.962146</td>\n",
       "      <td>-0.383586</td>\n",
       "      <td>-0.327730</td>\n",
       "      <td>0.601262</td>\n",
       "      <td>-0.034164</td>\n",
       "      <td>0.113351</td>\n",
       "      <td>-0.005146</td>\n",
       "      <td>-0.571812</td>\n",
       "      <td>0.055663</td>\n",
       "      <td>0.297673</td>\n",
       "      <td>0.143840</td>\n",
       "    </tr>\n",
       "    <tr>\n",
       "      <th>TRB</th>\n",
       "      <td>0.022941</td>\n",
       "      <td>0.097399</td>\n",
       "      <td>0.005450</td>\n",
       "      <td>-0.060513</td>\n",
       "      <td>-0.204198</td>\n",
       "      <td>0.270223</td>\n",
       "      <td>0.026319</td>\n",
       "      <td>0.902298</td>\n",
       "      <td>0.962146</td>\n",
       "      <td>1.000000</td>\n",
       "      <td>-0.455595</td>\n",
       "      <td>-0.359430</td>\n",
       "      <td>0.655234</td>\n",
       "      <td>0.028525</td>\n",
       "      <td>0.006648</td>\n",
       "      <td>0.035827</td>\n",
       "      <td>-0.582690</td>\n",
       "      <td>0.005620</td>\n",
       "      <td>0.249047</td>\n",
       "      <td>0.088363</td>\n",
       "    </tr>\n",
       "    <tr>\n",
       "      <th>AST</th>\n",
       "      <td>-0.077656</td>\n",
       "      <td>0.310137</td>\n",
       "      <td>0.085238</td>\n",
       "      <td>0.053769</td>\n",
       "      <td>0.401013</td>\n",
       "      <td>0.372109</td>\n",
       "      <td>-0.023851</td>\n",
       "      <td>-0.500145</td>\n",
       "      <td>-0.383586</td>\n",
       "      <td>-0.455595</td>\n",
       "      <td>1.000000</td>\n",
       "      <td>0.452049</td>\n",
       "      <td>-0.447390</td>\n",
       "      <td>0.350265</td>\n",
       "      <td>0.417018</td>\n",
       "      <td>0.097191</td>\n",
       "      <td>0.144385</td>\n",
       "      <td>0.358323</td>\n",
       "      <td>0.210467</td>\n",
       "      <td>0.350021</td>\n",
       "    </tr>\n",
       "    <tr>\n",
       "      <th>STL</th>\n",
       "      <td>0.121065</td>\n",
       "      <td>0.171666</td>\n",
       "      <td>-0.007326</td>\n",
       "      <td>-0.010948</td>\n",
       "      <td>0.195099</td>\n",
       "      <td>0.148331</td>\n",
       "      <td>0.037649</td>\n",
       "      <td>-0.346304</td>\n",
       "      <td>-0.327730</td>\n",
       "      <td>-0.359430</td>\n",
       "      <td>0.452049</td>\n",
       "      <td>1.000000</td>\n",
       "      <td>-0.296750</td>\n",
       "      <td>0.249050</td>\n",
       "      <td>0.036607</td>\n",
       "      <td>0.062108</td>\n",
       "      <td>-0.077144</td>\n",
       "      <td>0.120771</td>\n",
       "      <td>0.210929</td>\n",
       "      <td>0.168074</td>\n",
       "    </tr>\n",
       "    <tr>\n",
       "      <th>BLK</th>\n",
       "      <td>0.091162</td>\n",
       "      <td>-0.040450</td>\n",
       "      <td>-0.034628</td>\n",
       "      <td>-0.096862</td>\n",
       "      <td>-0.234893</td>\n",
       "      <td>0.097884</td>\n",
       "      <td>0.138450</td>\n",
       "      <td>0.637900</td>\n",
       "      <td>0.601262</td>\n",
       "      <td>0.655234</td>\n",
       "      <td>-0.447390</td>\n",
       "      <td>-0.296750</td>\n",
       "      <td>1.000000</td>\n",
       "      <td>0.117206</td>\n",
       "      <td>-0.187117</td>\n",
       "      <td>0.031470</td>\n",
       "      <td>-0.491291</td>\n",
       "      <td>-0.118350</td>\n",
       "      <td>0.146427</td>\n",
       "      <td>-0.043427</td>\n",
       "    </tr>\n",
       "    <tr>\n",
       "      <th>TOV</th>\n",
       "      <td>-0.062032</td>\n",
       "      <td>-0.125629</td>\n",
       "      <td>0.069458</td>\n",
       "      <td>-0.170734</td>\n",
       "      <td>-0.220080</td>\n",
       "      <td>-0.199870</td>\n",
       "      <td>-0.033859</td>\n",
       "      <td>0.117903</td>\n",
       "      <td>-0.034164</td>\n",
       "      <td>0.028525</td>\n",
       "      <td>0.350265</td>\n",
       "      <td>0.249050</td>\n",
       "      <td>0.117206</td>\n",
       "      <td>1.000000</td>\n",
       "      <td>-0.318169</td>\n",
       "      <td>-0.222007</td>\n",
       "      <td>-0.114974</td>\n",
       "      <td>-0.212208</td>\n",
       "      <td>-0.064977</td>\n",
       "      <td>-0.187887</td>\n",
       "    </tr>\n",
       "    <tr>\n",
       "      <th>USG</th>\n",
       "      <td>-0.066823</td>\n",
       "      <td>0.619584</td>\n",
       "      <td>0.032315</td>\n",
       "      <td>0.137996</td>\n",
       "      <td>0.495164</td>\n",
       "      <td>0.746413</td>\n",
       "      <td>0.032106</td>\n",
       "      <td>-0.170674</td>\n",
       "      <td>0.113351</td>\n",
       "      <td>0.006648</td>\n",
       "      <td>0.417018</td>\n",
       "      <td>0.036607</td>\n",
       "      <td>-0.187117</td>\n",
       "      <td>-0.318169</td>\n",
       "      <td>1.000000</td>\n",
       "      <td>0.078411</td>\n",
       "      <td>-0.068686</td>\n",
       "      <td>0.527502</td>\n",
       "      <td>0.404712</td>\n",
       "      <td>0.548738</td>\n",
       "    </tr>\n",
       "    <tr>\n",
       "      <th>ORtg</th>\n",
       "      <td>0.094573</td>\n",
       "      <td>0.251895</td>\n",
       "      <td>0.167721</td>\n",
       "      <td>0.283067</td>\n",
       "      <td>0.344656</td>\n",
       "      <td>0.592335</td>\n",
       "      <td>0.859295</td>\n",
       "      <td>0.087906</td>\n",
       "      <td>-0.005146</td>\n",
       "      <td>0.035827</td>\n",
       "      <td>0.097191</td>\n",
       "      <td>0.062108</td>\n",
       "      <td>0.031470</td>\n",
       "      <td>-0.222007</td>\n",
       "      <td>0.078411</td>\n",
       "      <td>1.000000</td>\n",
       "      <td>-0.058116</td>\n",
       "      <td>0.725759</td>\n",
       "      <td>0.269425</td>\n",
       "      <td>0.654495</td>\n",
       "    </tr>\n",
       "    <tr>\n",
       "      <th>DRtg</th>\n",
       "      <td>-0.096473</td>\n",
       "      <td>-0.265725</td>\n",
       "      <td>-0.117421</td>\n",
       "      <td>-0.108988</td>\n",
       "      <td>-0.022222</td>\n",
       "      <td>-0.301439</td>\n",
       "      <td>-0.098838</td>\n",
       "      <td>-0.482068</td>\n",
       "      <td>-0.571812</td>\n",
       "      <td>-0.582690</td>\n",
       "      <td>0.144385</td>\n",
       "      <td>-0.077144</td>\n",
       "      <td>-0.491291</td>\n",
       "      <td>-0.114974</td>\n",
       "      <td>-0.068686</td>\n",
       "      <td>-0.058116</td>\n",
       "      <td>1.000000</td>\n",
       "      <td>-0.101113</td>\n",
       "      <td>-0.717338</td>\n",
       "      <td>-0.326088</td>\n",
       "    </tr>\n",
       "    <tr>\n",
       "      <th>OWS</th>\n",
       "      <td>-0.038134</td>\n",
       "      <td>0.598172</td>\n",
       "      <td>0.044857</td>\n",
       "      <td>0.387794</td>\n",
       "      <td>0.661218</td>\n",
       "      <td>0.827359</td>\n",
       "      <td>0.607907</td>\n",
       "      <td>-0.085542</td>\n",
       "      <td>0.055663</td>\n",
       "      <td>0.005620</td>\n",
       "      <td>0.358323</td>\n",
       "      <td>0.120771</td>\n",
       "      <td>-0.118350</td>\n",
       "      <td>-0.212208</td>\n",
       "      <td>0.527502</td>\n",
       "      <td>0.725759</td>\n",
       "      <td>-0.101113</td>\n",
       "      <td>1.000000</td>\n",
       "      <td>0.524267</td>\n",
       "      <td>0.955830</td>\n",
       "    </tr>\n",
       "    <tr>\n",
       "      <th>DWS</th>\n",
       "      <td>0.051057</td>\n",
       "      <td>0.626173</td>\n",
       "      <td>0.077324</td>\n",
       "      <td>0.488990</td>\n",
       "      <td>0.667567</td>\n",
       "      <td>0.591449</td>\n",
       "      <td>0.216021</td>\n",
       "      <td>0.115089</td>\n",
       "      <td>0.297673</td>\n",
       "      <td>0.249047</td>\n",
       "      <td>0.210467</td>\n",
       "      <td>0.210929</td>\n",
       "      <td>0.146427</td>\n",
       "      <td>-0.064977</td>\n",
       "      <td>0.404712</td>\n",
       "      <td>0.269425</td>\n",
       "      <td>-0.717338</td>\n",
       "      <td>0.524267</td>\n",
       "      <td>1.000000</td>\n",
       "      <td>0.751058</td>\n",
       "    </tr>\n",
       "    <tr>\n",
       "      <th>WS</th>\n",
       "      <td>-0.008975</td>\n",
       "      <td>0.677791</td>\n",
       "      <td>0.060614</td>\n",
       "      <td>0.470376</td>\n",
       "      <td>0.742716</td>\n",
       "      <td>0.844352</td>\n",
       "      <td>0.544868</td>\n",
       "      <td>-0.028135</td>\n",
       "      <td>0.143840</td>\n",
       "      <td>0.088363</td>\n",
       "      <td>0.350021</td>\n",
       "      <td>0.168074</td>\n",
       "      <td>-0.043427</td>\n",
       "      <td>-0.187887</td>\n",
       "      <td>0.548738</td>\n",
       "      <td>0.654495</td>\n",
       "      <td>-0.326088</td>\n",
       "      <td>0.955830</td>\n",
       "      <td>0.751058</td>\n",
       "      <td>1.000000</td>\n",
       "    </tr>\n",
       "  </tbody>\n",
       "</table>\n",
       "</div>"
      ],
      "text/plain": [
       "          Train_ID    SALARY       Age     Games   Minutes       PER  \\\n",
       "Train_ID  1.000000 -0.077319  0.035220  0.103109  0.028568  0.009902   \n",
       "SALARY   -0.077319  1.000000  0.053676  0.205137  0.621254  0.670230   \n",
       "Age       0.035220  0.053676  1.000000 -0.130769 -0.011434  0.103061   \n",
       "Games     0.103109  0.205137 -0.130769  1.000000  0.698624  0.218672   \n",
       "Minutes   0.028568  0.621254 -0.011434  0.698624  1.000000  0.542884   \n",
       "PER       0.009902  0.670230  0.103061  0.218672  0.542884  1.000000   \n",
       "TS        0.083590  0.210184  0.230423  0.222303  0.237121  0.496454   \n",
       "ORB       0.014217 -0.044877 -0.079392 -0.038261 -0.282746  0.120051   \n",
       "DRB       0.034160  0.173453  0.051784 -0.069277 -0.132087  0.333870   \n",
       "TRB       0.022941  0.097399  0.005450 -0.060513 -0.204198  0.270223   \n",
       "AST      -0.077656  0.310137  0.085238  0.053769  0.401013  0.372109   \n",
       "STL       0.121065  0.171666 -0.007326 -0.010948  0.195099  0.148331   \n",
       "BLK       0.091162 -0.040450 -0.034628 -0.096862 -0.234893  0.097884   \n",
       "TOV      -0.062032 -0.125629  0.069458 -0.170734 -0.220080 -0.199870   \n",
       "USG      -0.066823  0.619584  0.032315  0.137996  0.495164  0.746413   \n",
       "ORtg      0.094573  0.251895  0.167721  0.283067  0.344656  0.592335   \n",
       "DRtg     -0.096473 -0.265725 -0.117421 -0.108988 -0.022222 -0.301439   \n",
       "OWS      -0.038134  0.598172  0.044857  0.387794  0.661218  0.827359   \n",
       "DWS       0.051057  0.626173  0.077324  0.488990  0.667567  0.591449   \n",
       "WS       -0.008975  0.677791  0.060614  0.470376  0.742716  0.844352   \n",
       "\n",
       "                TS       ORB       DRB       TRB       AST       STL  \\\n",
       "Train_ID  0.083590  0.014217  0.034160  0.022941 -0.077656  0.121065   \n",
       "SALARY    0.210184 -0.044877  0.173453  0.097399  0.310137  0.171666   \n",
       "Age       0.230423 -0.079392  0.051784  0.005450  0.085238 -0.007326   \n",
       "Games     0.222303 -0.038261 -0.069277 -0.060513  0.053769 -0.010948   \n",
       "Minutes   0.237121 -0.282746 -0.132087 -0.204198  0.401013  0.195099   \n",
       "PER       0.496454  0.120051  0.333870  0.270223  0.372109  0.148331   \n",
       "TS        1.000000  0.046193  0.001943  0.026319 -0.023851  0.037649   \n",
       "ORB       0.046193  1.000000  0.752383  0.902298 -0.500145 -0.346304   \n",
       "DRB       0.001943  0.752383  1.000000  0.962146 -0.383586 -0.327730   \n",
       "TRB       0.026319  0.902298  0.962146  1.000000 -0.455595 -0.359430   \n",
       "AST      -0.023851 -0.500145 -0.383586 -0.455595  1.000000  0.452049   \n",
       "STL       0.037649 -0.346304 -0.327730 -0.359430  0.452049  1.000000   \n",
       "BLK       0.138450  0.637900  0.601262  0.655234 -0.447390 -0.296750   \n",
       "TOV      -0.033859  0.117903 -0.034164  0.028525  0.350265  0.249050   \n",
       "USG       0.032106 -0.170674  0.113351  0.006648  0.417018  0.036607   \n",
       "ORtg      0.859295  0.087906 -0.005146  0.035827  0.097191  0.062108   \n",
       "DRtg     -0.098838 -0.482068 -0.571812 -0.582690  0.144385 -0.077144   \n",
       "OWS       0.607907 -0.085542  0.055663  0.005620  0.358323  0.120771   \n",
       "DWS       0.216021  0.115089  0.297673  0.249047  0.210467  0.210929   \n",
       "WS        0.544868 -0.028135  0.143840  0.088363  0.350021  0.168074   \n",
       "\n",
       "               BLK       TOV       USG      ORtg      DRtg       OWS  \\\n",
       "Train_ID  0.091162 -0.062032 -0.066823  0.094573 -0.096473 -0.038134   \n",
       "SALARY   -0.040450 -0.125629  0.619584  0.251895 -0.265725  0.598172   \n",
       "Age      -0.034628  0.069458  0.032315  0.167721 -0.117421  0.044857   \n",
       "Games    -0.096862 -0.170734  0.137996  0.283067 -0.108988  0.387794   \n",
       "Minutes  -0.234893 -0.220080  0.495164  0.344656 -0.022222  0.661218   \n",
       "PER       0.097884 -0.199870  0.746413  0.592335 -0.301439  0.827359   \n",
       "TS        0.138450 -0.033859  0.032106  0.859295 -0.098838  0.607907   \n",
       "ORB       0.637900  0.117903 -0.170674  0.087906 -0.482068 -0.085542   \n",
       "DRB       0.601262 -0.034164  0.113351 -0.005146 -0.571812  0.055663   \n",
       "TRB       0.655234  0.028525  0.006648  0.035827 -0.582690  0.005620   \n",
       "AST      -0.447390  0.350265  0.417018  0.097191  0.144385  0.358323   \n",
       "STL      -0.296750  0.249050  0.036607  0.062108 -0.077144  0.120771   \n",
       "BLK       1.000000  0.117206 -0.187117  0.031470 -0.491291 -0.118350   \n",
       "TOV       0.117206  1.000000 -0.318169 -0.222007 -0.114974 -0.212208   \n",
       "USG      -0.187117 -0.318169  1.000000  0.078411 -0.068686  0.527502   \n",
       "ORtg      0.031470 -0.222007  0.078411  1.000000 -0.058116  0.725759   \n",
       "DRtg     -0.491291 -0.114974 -0.068686 -0.058116  1.000000 -0.101113   \n",
       "OWS      -0.118350 -0.212208  0.527502  0.725759 -0.101113  1.000000   \n",
       "DWS       0.146427 -0.064977  0.404712  0.269425 -0.717338  0.524267   \n",
       "WS       -0.043427 -0.187887  0.548738  0.654495 -0.326088  0.955830   \n",
       "\n",
       "               DWS        WS  \n",
       "Train_ID  0.051057 -0.008975  \n",
       "SALARY    0.626173  0.677791  \n",
       "Age       0.077324  0.060614  \n",
       "Games     0.488990  0.470376  \n",
       "Minutes   0.667567  0.742716  \n",
       "PER       0.591449  0.844352  \n",
       "TS        0.216021  0.544868  \n",
       "ORB       0.115089 -0.028135  \n",
       "DRB       0.297673  0.143840  \n",
       "TRB       0.249047  0.088363  \n",
       "AST       0.210467  0.350021  \n",
       "STL       0.210929  0.168074  \n",
       "BLK       0.146427 -0.043427  \n",
       "TOV      -0.064977 -0.187887  \n",
       "USG       0.404712  0.548738  \n",
       "ORtg      0.269425  0.654495  \n",
       "DRtg     -0.717338 -0.326088  \n",
       "OWS       0.524267  0.955830  \n",
       "DWS       1.000000  0.751058  \n",
       "WS        0.751058  1.000000  "
      ]
     },
     "execution_count": 2,
     "metadata": {},
     "output_type": "execute_result"
    }
   ],
   "source": [
    "#pairwise correlation matrix\n",
    "corrMatrix = train.corr()\n",
    "corrMatrix"
   ]
  },
  {
   "cell_type": "code",
   "execution_count": 3,
   "metadata": {},
   "outputs": [
    {
     "data": {
